FANN_FLO_2.1
num_layers=3
learning_rate=0.700000
connection_rate=1.000000
network_type=0
learning_momentum=0.000000
training_algorithm=2
train_error_function=1
train_stop_function=0
cascade_output_change_fraction=0.010000
quickprop_decay=-0.000100
quickprop_mu=1.750000
rprop_increase_factor=1.200000
rprop_decrease_factor=0.500000
rprop_delta_min=0.000000
rprop_delta_max=50.000000
rprop_delta_zero=0.100000
cascade_output_stagnation_epochs=12
cascade_candidate_change_fraction=0.010000
cascade_candidate_stagnation_epochs=12
cascade_max_out_epochs=150
cascade_min_out_epochs=50
cascade_max_cand_epochs=150
cascade_min_cand_epochs=50
cascade_num_candidate_groups=2
bit_fail_limit=3.49999994039535520000e-001
cascade_candidate_limit=1.00000000000000000000e+003
cascade_weight_multiplier=4.00000005960464480000e-001
cascade_activation_functions_count=10
cascade_activation_functions=3 5 7 8 10 11 14 15 16 17 
cascade_activation_steepnesses_count=4
cascade_activation_steepnesses=2.50000000000000000000e-001 5.00000000000000000000e-001 7.50000000000000000000e-001 1.00000000000000000000e+000 
layer_sizes=3 4 2 
scale_included=0
neurons (num_inputs, activation_function, activation_steepness)=(0, 0, 0.00000000000000000000e+000) (0, 0, 0.00000000000000000000e+000) (0, 0, 0.00000000000000000000e+000) (3, 5, 5.00000000000000000000e-001) (3, 5, 5.00000000000000000000e-001) (3, 5, 5.00000000000000000000e-001) (0, 5, 0.00000000000000000000e+000) (4, 5, 5.00000000000000000000e-001) (0, 5, 0.00000000000000000000e+000) 
connections (connected_to_neuron, weight)=(0, 9.22973677515983580000e-002) (1, 8.96362289786338810000e-002) (2, -8.54309126734733580000e-002) (0, 1.65527351200580600000e-002) (1, -2.68554687500000000000e-003) (2, 4.36462424695491790000e-002) (0, 9.26269516348838810000e-002) (1, 2.03186031430959700000e-002) (2, -2.39257817156612870000e-003) (3, -6.81823715567588810000e-002) (4, -1.05468751862645150000e-002) (5, -3.97155769169330600000e-002) (6, -5.69763183593750000000e-002) 
